0 0.9822872281074524
1 0.9510565400123596
2 0.9048270583152771
3 0.8443279266357422
4 0.7705132365226746
5 0.6845471262931824
6 0.5877852439880371
7 0.4817536771297455
8 0.3681245446205139
9 0.24868988990783691
10 0.12533323466777802
11 1.2246468525851679e-16
12 -0.12533323466777802
13 -0.24868988990783691
14 -0.3681245446205139
15 -0.4817536771297455
16 -0.5877852439880371
17 -0.6845471262931824
18 -0.7705132365226746
19 -0.8443279266357422
20 -0.9048270583152771
21 -0.9510565400123596
22 -0.9822872281074524
23 -0.9980267286300659
24 -0.9980267286300659
25 -0.9822872281074524
26 -0.9510565400123596
27 -0.9048270583152771
28 -0.8443279266357422
29 -0.7705132365226746
30 -0.6845471262931824
31 -0.5877852439880371
32 -0.4817536771297455
33 -0.3681245446205139
34 -0.24868988990783691
35 -0.12533323466777802
36 0.0
37 0.12533323466777802
38 0.24868988990783691
39 0.3681245446205139
40 0.4817536771297455
41 0.5877852439880371
42 0.6845471262931824
43 0.7705132365226746
44 0.8443279266357422
45 0.9048270583152771
46 0.9510565400123596
47 0.9822872281074524
48 0.9980267286300659
49 0.9980267286300659
50 0.9822872281074524
51 0.9510565400123596
52 0.9048270583152771
53 0.8443279266357422
54 0.7705132365226746
55 0.6845471262931824
56 0.5877852439880371
57 0.4817536771297455
58 0.3681245446205139
59 0.24868988990783691
60 0.12533323466777802
61 1.2246468525851679e-16
62 -0.12533323466777802
63 -0.24868988990783691
64 -0.3681245446205139
65 -0.4817536771297455
66 -0.5877852439880371
67 -0.6845471262931824
68 -0.7705132365226746
69 -0.8443279266357422
70 -0.9048270583152771
71 -0.9510565400123596
72 -0.9822872281074524
73 -0.9980267286300659
74 -0.9980267286300659
75 -0.9822872281074524
76 -0.9510565400123596
77 -0.9048270583152771
78 -0.8443279266357422
79 -0.7705132365226746
80 -0.6845471262931824
81 -0.5877852439880371
82 -0.4817536771297455
83 -0.3681245446205139
84 -0.24868988990783691
85 -0.12533323466777802
86 0.0
87 0.12533323466777802
88 0.24868988990783691
89 0.3681245446205139
90 0.4817536771297455
91 0.5877852439880371
92 0.6845471262931824
93 0.7705132365226746
94 0.8443279266357422
95 0.9048270583152771
96 0.9510565400123596
97 0.9822872281074524
98 0.9980267286300659
99 0.9980267286300659
