24 -0.9980267286300659
25 -0.9826257824897766
26 -0.9541955590248108
27 -0.9132456183433533
28 -0.8601710200309753
29 -0.7952542901039124
30 -0.7187898755073547
31 -0.6312534809112549
32 -0.5334871411323547
33 -0.4268503189086914
34 -0.31326985359191895
35 -0.19512593746185303
36 -0.07496485114097595
37 0.044876664876937866
38 0.16258355975151062
39 0.2769647240638733
40 0.38730329275131226
41 0.49302738904953003
42 0.5933452248573303
43 0.6869844198226929
44 0.7721256613731384
45 0.8465452194213867
46 0.9079251885414124
47 0.9542568325996399
48 0.9842240810394287
49 0.997408926486969
50 0.9942077994346619
51 0.9755067825317383
52 0.9422972202301025
53 0.8954086899757385
54 0.8354365825653076
55 0.7628679871559143
56 0.6783656477928162
57 0.5831090211868286
58 0.47898492217063904
59 0.36840200424194336
60 0.25372314453125
61 0.13667473196983337
62 0.018154799938201904
63 -0.10146868228912354
64 -0.22179561853408813
65 -0.341850221157074
66 -0.4597563147544861
67 -0.572736918926239
68 -0.6774473786354065
69 -0.7705369591712952
70 -0.8492366671562195
71 -0.9117620587348938
72 -0.9574092030525208
73 -0.9863733649253845
74 -0.9994216561317444
75 -0.9975582957267761
76 -0.9817695021629333
77 -0.9528737664222717
78 -0.9114680886268616
79 -0.8579497933387756
80 -0.7925999760627747
81 -0.7157170176506042
82 -0.6277869939804077
83 -0.5296691060066223
84 -0.42274409532546997
85 -0.30895906686782837
86 -0.1907060742378235
87 -0.07053017616271973
88 0.049247562885284424
89 0.16683588922023773
90 0.2810667157173157
91 0.39123642444610596
92 0.496771901845932
93 0.5968672633171082
94 0.6902293562889099
95 0.7750197649002075
96 0.8490044474601746
97 0.9098687767982483
98 0.95562344789505
99 0.9849830269813538
